208329
361594
976154
129858
823274
975609
460840
421885
905747
356666
478957
130926
510949
155065
598385
976425
359147
833686
267504
444247
406081
173560
127288
152863
467514
619509
405598
545679
638767
933525
613365
221613
505628
426064
580688
131864
400190
548723
103588
251120
153558
803065
809866
357202
362198
794787
281950
551110
709679
800202
460961
666916
683212
777376
567387
434106
499080
382618
833383
449881
227721
285498
912206
140738
211806
724898
574971
820290
104374
447322
427971
337347
703863
414153
418625
532134
209866
873194
864125
921187
557227
191424
211279
396327
225895
482952
252150
584697
637881
432365
422145
290084
844122
766237
408223
860305
886451
666646
874483
330776
311571
541267
584401
767674
844432
323023
587869
169291
577154
583612
480001
157668
584341
545286
351100
113944
579783
826660
104717
857333
939677
788016
980660
779584
611722
748918
226494
105592
319918
816598
600457
201743
754081
439102
820726
457035
730823
961916
424881
732334
447935
682548
764607
601132
893148
490287
725029
761609
646413
902376
680895
518579
820074
954350
506047
786718
930214
482333
393723
753584
954357
825235
147746
871805
279730
568963
683092
306491
378560
820491
694720
808246
869715
392495
838218
685151
515963
152096
510442
422227
526168
243846
507521
728848
636803
165812
571323
944186
325749
978371
265071
402438
919884
333774
283383
264913
578917
280694
608551
594084
179934
458052
492874
328577
390251
281589
323447
371832
395228
110659
309848
955323
264892
365398
108641
842053
955437
581213
784903
217997
397205
937121
801401
805384
244581
326222
666437
248835
511110
171112
839789
362428
542776
349555
620835
398978
734736
341536
328803
248510
422092
528259
570084
311295
227851
645599
951626
769254
203085
951792
642066
997786
681164
590830
119863
406322
244139
571292
242895
317764
522853
890391
300810
327009
151594
587228
871679
412541
222385
367100
306902
182264
161824
764267
671100
105452
409630
635064
845939
706331
590394
323715
781800
505427
265831
939635
997236
750603
738360
600995
275025
510039
388736
676161
539596
432129
507221
362929
428134
241676
389738
938001
459739
753605
998503
363777
921525
618922
516108
402710
974212
211772
742291
342190
184643
344717
554134
888017
559214
476940
668259
532331
701932
842492
461232
217112
874001
374810
923871
949338
378444
281502
357443
741952
319804
347686
930857
310229
795969
688946
590743
380004
750716
901394
276886
465072
914906
601867
450020
277557
359770
350281
424627
497737
599386
430450
823401
478899
215558
263084
691764
565680
539774
985988
554127
595694
327780
625898
608856
611182
872617
405930
130365
782873
795594
504435
368765
699663
468047
357558
989862
565195
227407
285712
931360
978162
589393
162863
488752
629152
340896
765280
655544
389466
313485
873019
996188
756760
699012
631069
824473
475483
884896
823055
118860
869993
721047
348911
238124
104805
557128
876594
489592
985267
332613
334118
504869
229491
320828
283102
137812
670026
963125
260112
173400
338634
502338
560239
899747
716348
420371
659568
959715
404499
140978
571000
158703
594918
880204
328758
685426
658757
368916
456560
454256
586221
459393
462933
143363
726266
364780
704469
980586
381694
302253
303580
518542
290280
623722
977999
281047
509068
129543
399540
807423
975132
812910
172538
841967
116888
202798
907431
269833
404744
827081
592214
648533
128804
217732
472767
564115
213400
996632
551790
118122
530991
364579
298246
199693
493408
940107
530287
163477
298353
678106
742736
343408
923386
129697
345036
969075
796561
703786
339573
997870
629728
967610
719611
808094
192874
552757
701204
186811
100057
543950
145876
273789
808076
891136
792116
551583
893113
227094
503990
894888
371598
217078
104170
548522
354122
705657
435460
695599
910395
299509
701271
602631
720858
839251
978767
323724
405076
978877
364116
412868
548932
530229
657011
691849
468585
629205
372475
139999
687332
655089
622013
456506
190291
127318
270924
612300
120887
686668
357951
557146
986180
776809
899108
165019
462954
502665
284669
547314
146816
203634
883417
599035
295006
375122
265481
138276
481764
636271
400990
652984
805070
262394
252425
734208
652664
153160
225896
183927
948966
419554
366110
532626
841667
826470
837456
400720
296419
133084
773826
194334
100594
269657
656231
330509
620502
370572
271586
765123
958171
401550
325479
806457
328953
587240
943432
643386
834530
704131
759388
226525
718305
988421
878171
962583
569453
265947
732126
110884
153594
541934
232913
300025
984216
646954
739075
295005
316210
868559
308970
972506
866261
394039
104495
317043
905827
761597
651254
192223
479095
286608
724919
296271
629815
434752
153162
525923
472831
946061
951542
578515
324384
949842
629800
305591
327256
850387
759768
596029
693706
235775
919814
593296
560409
205282
514743
415714
195376
543189
480489
275812
474008
691489
526524
579291
693416
280308
206033
981296
400477
367613
938475
927915
419452
786972
430466
468579
930530
489445
641022
354991
431870
492155
196658
227068
629341
406301
479144
289257
612772
225519
881116
290336
788497
603948
626367
442572
765314
730567
912397
257287
578171
260110
738732
923031
541136
184374
988101
580661
401488
518988
478062
173496
510953
811874
823139
384809
359126
729648
612213
632118
458130
536159
368555
171796
141260
702989
789746
476781
112719
521110
892344
453981
614776
789132
430723
661065
653343
245801
922795
329626
315434
681579
758361
542708
838188
398080
619538
868944
360605
555418
373894
860429
317281
852314
798613
988191
815331
262416
252305
582985
609664
924675
787323
556941
844913
259683
474343
919114
598055
991938
864311
181155
298254
141393
487180
297867
521614
483137
653042
336421
896485
357427
726608
431227
809990
215330
229914
147053
216479
820220
330320
548598
773537
542670
709924
704604
606870
561796
310294
646400
233043
560630
272188
309089
631375
357358
209396
735612
144591
641864
214145
990899
124656
587154
357581
612162
373418
958650
128754
996502
767400
957012
915460
503951
237300
111572
288640
712845
459139
440221
979721
292456
756529
402020
200681
784247
810647
335937
308188
543210
249056
130785
746739
388390
397882
606529
325146
324790
194365
654542
571512
522432
338516
656413
557072
424427
521636
333410
619674
861419
807544
126498
780117
997150
255321
359467
661235
495655
384594
208032
968200
241002
104223
534292
583744
846929
126055
360349
159736
570086
335899
742952
880331
554072
563231
440925
604317
252041
678233
175146
749649
700711
834906
513339
717817
365609
252454
342357
883200
786746
343541
988190
972636
930826
267834
718825
342196
523581
881642
300963
368196
721635
416745
837715
205585
302608
128854
305766
534371
920419
144270
420420
581153
687326
889639
776959
707771
311091
116030
313547
863036
861485
996983
734086
212694
761230
394158
777232
704140
807416
985129
882790
404381
885975
940271
376474
865054
271553
370521
421401
567516
607768
459969
675682
857271
758115
934732
820435
149022
122230
789991
401677
287684
344154
134422
987968
200918
361790
913674
564191
373854
837327
563372
439812
749030